1227768026 3134845130
3134845130 568477969
568477969 293386293
293386293 626489051
626489051 2645258420
2645258420 3165346015
3165346015 3474304321
3474304321 308669583
308669583 3495305429
3495305429 1181097009
1181097009 1573156051
1573156051 1659136387
1659136387 1513167223
1513167223 928548929
928548929 463314955
463314955 369485599
369485599 3644916902
3644916902 717727794
717727794 1708692197
1708692197 1578752101
1578752101 528730637
528730637 3489341617
3489341617 420223458
420223458 1255825351
1255825351 1213393900
1213393900 97878153
97878153 492563711
492563711 638770372
638770372 1122628697
1122628697 429966768
429966768 1026047297
1026047297 4694141591
4694141591 5403417405
5403417405 3467073562
3467073562 1022919708
1022919708 523226233
523226233 2062877568
2062877568 322754971
322754971 1084953139
1084953139 392270446
392270446 1884166974
1884166974 4187282207
4187282207 1599630739
1599630739 26385769
26385769 1654879481
1654879481 279832520
279832520 1751822641
1751822641 1137710789
1137710789 412540101
412540101 2284926589
2284926589 125526549
125526549 252634823
252634823 1806539479
1806539479 1561585898
1561585898 2916175160
2916175160 254157650
254157650 4929252245
4929252245 1131555622
1131555622 31405343
31405343 496033229
496033229 4847381585
4847381585 1299751433
1299751433 2371627047
2371627047 1179514349
1179514349 224554442
224554442 5274047931
5274047931 5404229644
5404229644 1130852293
1130852293 1886962556
1886962556 4033761566
4033761566 1973730885
1973730885 4577881715
4577881715 1188858232
1188858232 257402504
257402504 3811697220
3811697220 282951744
282951744 281411644
281411644 4740482718
4740482718 1130851583
1130851583 798153028
798153028 435122243
435122243 2603833703
2603833703 1279123515
1279123515 318236646
318236646 98204152
98204152 4785284399
4785284399 1427753603
1427753603 1602656849
1602656849 2218328577
2218328577 1131370288
1131370288 1592207388
1592207388 3356967729
3356967729 25920355
25920355 94049639
94049639 3309825631
3309825631 4869513019
4869513019 3687324618
3687324618 1108338531
1108338531 4303314688
4303314688 4912900950
4912900950 1163348267
1163348267 1568013594
1568013594 3720161533
3720161533 2479776301
2479776301 277233499
277233499 2614063527
2614063527 2571175913
2571175913 2334818561
2334818561 553095032
553095032 311603670
311603670 2515257115
2515257115 254946865
254946865 308838097
308838097 1766646104
1766646104 1022981552
1022981552 3947775320
3947775320 29594574
29594574 2565373247
2565373247 1261820577
1261820577 2699915541
2699915541 4521955030
4521955030 344467654
344467654 957287630
957287630 3202874333
3202874333 2351443112
2351443112 30098045
30098045 4545941767
4545941767 1095494657
1095494657 1574640754
1574640754 5082647327
5082647327 2398080562
2398080562 1414519787
1414519787 4395803886
4395803886 114169641
114169641 29972611
29972611 506742659
506742659 1588721754
1588721754 279237507
279237507 3215718798
3215718798 1639494572
1639494572 4496598848
4496598848 1699676210
1699676210 5151664923
5151664923 3476765573
3476765573 25643720
25643720 1137278296
1137278296 842646044
842646044 2327395093
2327395093 174020365
174020365 4058827940
4058827940 1336838438
1336838438 1963463057
1963463057 3333113144
3333113144 3132915162
3132915162 608624898
608624898 3474305607
3474305607 4938966563
4938966563 1829744808
1829744808 1558248872
1558248872 285880716
285880716 376907670
376907670 1989727165
1989727165 4971289180
4971289180 47020918
47020918 3351417721
3351417721 262866125
262866125 2267434800
2267434800 370108837
370108837 281293870
281293870 4232999936
4232999936 430446073
430446073 1456754081
1456754081 288427183
288427183 3310153871
3310153871 3504665527
3504665527 20946246
20946246 2316135201
2316135201 315151243
315151243 126635567
126635567 3133999175
3133999175 1083492357
1083492357 2066198461
2066198461 1601695081
1601695081 5221565815
5221565815 2641818619
2641818619 2351510471
2351510471 1153164106
1153164106 3165346010
3165346010 1969886403
1969886403 2309277376
2309277376 2653375076
2653375076 1579925431
1579925431 1129898368
1129898368 4443384449
4443384449 1653078152
1653078152 287996488
287996488 4647214138
4647214138 321730705
321730705 4947689872
4947689872 433572506
433572506 319091966
319091966 352603788
352603788 4229546235
4229546235 4086020503
4086020503 301376921
301376921 311226863
311226863 2479374956
2479374956 1601687746
1601687746 1223388402
1223388402 1117459847
1117459847 1221572880
1221572880 2641834148
2641834148 247406041
247406041 295279889
295279889 4728155622
4728155622 2633554024
2633554024 4143367325
4143367325 798173361
798173361 3283145603
3283145603 1812923422
1812923422 1018813196
1018813196 2401522743
2401522743 3144546920
3144546920 5370186709
5370186709 2480988347
2480988347 1441029501
1441029501 3121753430
3121753430 1094709691
1094709691 1157811753
1157811753 117620
117620 1540416791
1540416791 1102161661
1102161661 1586242655
1586242655 60885307
60885307 1829480932
1829480932 1120191304
1120191304 1860818408
1860818408 391318212
391318212 437139668
437139668 1151617965
1151617965 2027515602
2027515602 4544497766
4544497766 265886463
265886463 3758380793
3758380793 1082636169
1082636169 2063782581
2063782581 2399162211
2399162211 1112064885
1112064885 2296688652
2296688652 321436921
321436921 309771872
309771872 1581576323
1581576323 446259927
446259927 3002690396
3002690396 4775908742
4775908742 107329572
107329572 251740524
251740524 287814072
287814072 250663042
250663042 282661966
282661966 2512140002
2512140002 2522087602
2522087602 432622476
432622476 897737483
897737483 674689934
674689934 3255768723
3255768723 333029878
333029878 3073204537
3073204537 2831828867
2831828867 27130831
27130831 1103723422
1103723422 302896196
302896196 1165486222
1165486222 2519482980
2519482980 12637389
12637389 319094663
319094663 189083191
189083191 310586910
310586910 4682437558
4682437558 308821585
308821585 470366273
470366273 1100888171
1100888171 920140514
920140514 304361622
304361622 2173242629
2173242629 2282614671
2282614671 876210722
876210722 1128286764
1128286764 1099806191
1099806191 279740940
279740940 4699712345
4699712345 2426004455
2426004455 1171107308
1171107308 4679379489
4679379489 3261745475
3261745475 769214363
769214363 3473271051
3473271051 1028459376
1028459376 1432288447
1432288447 2351968259
2351968259 289549179
289549179 2620697348
2620697348 10939966
10939966 1546256943
1546256943 1725185771
1725185771 4794637473
4794637473 1195407396
1195407396 1588722016
1588722016 450331137
450331137 541457801
541457801 1187515384
1187515384 1589154299
1589154299 1403131164
1403131164 3252120309
3252120309 2290133688
2290133688 1576063557
1576063557 1239641654
1239641654 2506835578
2506835578 2611912065
2611912065 443354384
443354384 2603619541
2603619541 1996104364
1996104364 1346352316
1346352316 1635182399
1635182399 3246988867
3246988867 546954419
546954419 73189973
73189973 475351388
475351388 4958654957
4958654957 526956385
526956385 3090525234
3090525234 30916204
30916204 2960469743
2960469743 516555826
516555826 1578764295
1578764295 2411017089
2411017089 2398614148
2398614148 1148162944
1148162944 2063617565
2063617565 301892673
301892673 1499681280
1499681280 4560720244
4560720244 32347968
32347968 521337691
521337691 1121917446
1121917446 1231220426
1231220426 1847282028
1847282028 1937256885
1937256885 1275815241
1275815241 881573139
881573139 282199115
282199115 34570636
34570636 32995540
32995540 1456912353
1456912353 3579165238
3579165238 2904432265
2904432265 477489524
477489524 2427849925
2427849925 295188292
295188292 20930076
20930076 510590951
510590951 4125266413
4125266413 1764280472
1764280472 3941506218
3941506218 2298023036
2298023036 989136491
989136491 4470897922
4470897922 343439627
343439627 3301942299
3301942299 1083339878
1083339878 1603848027
1603848027 2046506832
2046506832 285880704
285880704 1456755724
1456755724 2351510721
2351510721 5404229652
5404229652 3228908856
3228908856 3283508924
3283508924 254512345
254512345 252634855
252634855 2415181020
2415181020 442114096
442114096 1336996491
1336996491 461812490
461812490 278769906
278769906 1148282843
1148282843 1298230348
1298230348 3679856927
3679856927 3967682416
3967682416 4529165396
4529165396 470201510
470201510 1098716816
1098716816 271417083
271417083 1028727944
1028727944 3772375186
3772375186 957836619
957836619 2318091884
2318091884 2286664820
2286664820 27133378
27133378 704345264
704345264 73237290
73237290 1579925400
1579925400 376037982
376037982 1468014824
1468014824 2301484620
2301484620 280230255
280230255 321728043
321728043 286742469
286742469 1922524808
1922524808 290841385
290841385 5397142337
5397142337 4910984011
4910984011 31663991
31663991 2218328650
2218328650 254512234
254512234 1128557959
1128557959 1022874753
1022874753 4125266186
4125266186 577171910
577171910 4675380175
4675380175 5177749028
5177749028 1152928166
1152928166 1599778802
1599778802 303794758
303794758 1390303924
1390303924 603524890
603524890 602639339
602639339 2293306047
2293306047 609056673
609056673 1285515606
1285515606 1102671178
1102671178 3159184624
3159184624 1458116421
1458116421 282757465
282757465 1210552941
1210552941 203126759
203126759 1420418848
1420418848 888763552
888763552 12647125
12647125 475287201
475287201 1028540529
1028540529 559775099
559775099 334003151
334003151 1666385459
1666385459 3679433001
3679433001 262228287
262228287 1244765189
1244765189 4086533545
4086533545 2512161841
2512161841 1289313765
1289313765 66521490
66521490 576736
576736 1673198126
1673198126 5117976310
5117976310 2414363764
2414363764 1212691036
1212691036 1547705157
1547705157 1987197402
1987197402 1363132415
1363132415 507913272
507913272 1038529995
1038529995 4477000710
4477000710 393669077
393669077 1223319030
1223319030 4489842543
4489842543 738933272
738933272 1119074308
1119074308 1152671155
1152671155 287996530
287996530 372795529
372795529 4173033482
4173033482 391752021
391752021 4675573057
4675573057 1368359049
1368359049 1080706477
1080706477 4564267360
4564267360 1016075288
1016075288 294233407
294233407 843260525
843260525 1768590436
1768590436 4550165990
4550165990 4065830100
4065830100 317991583
317991583 1224772939
1224772939 4525073367
4525073367 1659768249
1659768249 281962265
281962265 3419903325
3419903325 313316536
313316536 2154542914
2154542914 2291030506
2291030506 271843753
271843753 270457579
270457579 4528007040
4528007040 3150329044
3150329044 1763013383
1763013383 3444940316
3444940316 1689548678
1689548678 1106361631
1106361631 504929182
504929182 4291298688
4291298688 29511813
29511813 711900616
711900616 2304174051
2304174051 2855616017
2855616017 421869697
421869697 4696370581
4696370581 790120764
790120764 253683859
253683859 4961117590
4961117590 95168471
95168471 416101868
416101868 3192235140
3192235140 3734660819
3734660819 4194661287
4194661287 281955188
281955188 3878713463
3878713463 1595288799
1595288799 1113735000
1113735000 4186939891
4186939891 4955455036
4955455036 3734946888
3734946888 3964659936
3964659936 1117738265
1117738265 701735
701735 3242242988
3242242988 4598316028
4598316028 3464359264
3464359264 598215138
598215138 1496359567
1496359567 663569237
663569237 3673780398
3673780398 1096234781
1096234781 298246639
298246639 2290133686
2290133686 4713894983
4713894983 4195271439
4195271439 339595027
339595027 417126784
417126784 2397633952
2397633952 4125339838
4125339838 2986106810
2986106810 5404229651
5404229651 315856394
315856394 1392796582
1392796582 1581743329
1581743329 265446507
265446507 303487658
303487658 252188529
252188529 38536429
38536429 1587648827
1587648827 1584895620
1584895620 1107496801
1107496801 745834788
745834788 444741246
444741246 413409626
413409626 265515017
265515017 1563015986
1563015986 1426275621
1426275621 8032481
8032481 1086955740
1086955740 4208635181
4208635181 3667680006
3667680006 4902553820
4902553820 1604527503
1604527503 277758470
277758470 441232145
441232145 1618441245
1618441245 3348082342
3348082342 388225593
388225593 1298272244
1298272244 20930057
20930057 277545922
277545922 4545941748
4545941748 1693439620
1693439620 441326963
441326963 2334272792
2334272792 428639003
428639003 1149291930
1149291930 1380813713
1380813713 266990029
266990029 472370698
472370698 2338333719
2338333719 412732837
412732837 2287834893
2287834893 1233942287
1233942287 1201351872
1201351872 343474453
343474453 251692710
251692710 1181345293
1181345293 727561997
727561997 5286705710
5286705710 3477856271
3477856271 1924378528
1924378528 3729339169
3729339169 1794362737
1794362737 261022072
261022072 1078624634
1078624634 3508974483
3508974483 1326082191
1326082191 3470603285
3470603285 867731315
867731315 2038571393
2038571393 1413293250
1413293250 2058835321
2058835321 1105173205
1105173205 2347166152
2347166152 331650530
331650530 330117699
330117699 31229216
31229216 59733887
59733887 211407433
211407433 510407353
510407353 1596241543
1596241543 2514808467
2514808467 1204024888
1204024888 1145250786
1145250786 1170119905
1170119905 4280986032
4280986032 2905013548
2905013548 2156766024
2156766024 1689511452
1689511452 416002123
416002123 1609396147
1609396147 2837937922
2837937922 4336065
4336065 1731840643
1731840643 1225351878
1225351878 282024968
282024968 1756570065
1756570065 364102222
364102222 1157373655
1157373655 5241238468
5241238468 1216918911
1216918911 1105493425
1105493425 271923281
271923281 2063782549
2063782549 3406832206
3406832206 1303469694
1303469694 2491215422
2491215422 1022958293
1022958293 2723572023
2723572023 1414879592
1414879592 3069734327
3069734327 1413812052
1413812052 1277218341
1277218341 583331504
583331504 4288882287
4288882287 4291724844
4291724844 305643429
305643429 8081494
8081494 1151718181
1151718181 4154618353
4154618353 450163442
450163442 1254616421
1254616421 401454836
401454836 369789103
369789103 5109789813
5109789813 1149046869
1149046869 1080973313
1080973313 3009541589
3009541589 485667592
485667592 189059530
189059530 1206085898
1206085898 1659154615
1659154615 2368693961
2368693961 2911115427
2911115427 1326842586
1326842586 1336309764
1336309764 2653562727
2653562727 1231048124
1231048124 1098161628
1098161628 567939539
567939539 1285515976
1285515976 286271780
286271780 287810309
287810309 271923243
271923243 3440082732
3440082732 510899740
510899740 21455433
21455433 113581098
113581098 62909842
62909842 5397824728
5397824728 393778851
393778851 2355684711
2355684711 1239791727
1239791727 1907345029
1907345029 4307532807
4307532807 2052595120
2052595120 611244162
611244162 2384084767
2384084767 5390616330
5390616330 2383898754
2383898754 494608102
494608102 4501699038
4501699038 3758380967
3758380967 1786084381
1786084381 1801254748
1801254748 4251725607
4251725607 318498736
318498736 256513239
256513239 249494252
249494252 288321733
288321733 1043107213
1043107213 7853933
7853933 3328999076
3328999076 2423037866
2423037866 1618431955
1618431955 1212389359
1212389359 2377736643
2377736643 4900479138
4900479138 5397142335
5397142335 527255620
527255620 469329497
469329497 2351968040
2351968040 506025901
506025901 281225155
281225155 490369976
490369976 2566209744
2566209744 1582223099
1582223099 1166400371
1166400371 4125502345
4125502345 1578631530
1578631530 356670000
356670000 97801654
97801654 4784932575
4784932575 1354868993
1354868993 2333040049
2333040049 2195458526
2195458526 617742116
617742116 4449285580
4449285580 3565969533
3565969533 12983313
12983313 2831829443
2831829443 339071203
339071203 1796669646
1796669646 1919732005
1919732005 367063203
367063203 1531088648
1531088648 2474172833
2474172833 4905386278
4905386278 3121009103
3121009103 1539048329
1539048329 289241931
289241931 26656028
26656028 670467307
670467307 174046020
174046020 3328998956
3328998956 1783597086
1783597086 31229240
31229240 3619148425
3619148425 118350607
118350607 4929370542
4929370542 2723977819
2723977819 2037152491
2037152491 450678575
450678575 2255906474
2255906474 1569562535
1569562535 294124097
294124097 1519008215
1519008215 1109402794
1109402794 3381428736
3381428736 3132032151
3132032151 1100381572
1100381572 3887954921
3887954921 2519118001
2519118001 1480010719
1480010719 339225533
339225533 727568499
727568499 2205623428
2205623428 279838744
279838744 1585380476
1585380476 4518595038
4518595038 1142343963
1142343963 2799958091
2799958091 1586051341
1586051341 972000161
972000161 1415273126
1415273126 1416997654
1416997654 5299692452
5299692452 1370492167
1370492167 1689548721
1689548721 2237273183
2237273183 4323508227
4323508227 3758380824
3758380824 4133099582
4133099582 1581575957
1581575957 295135136
295135136 451787002
451787002 306558373
306558373 3149703107
3149703107 5295023725
5295023725 3374191932
3374191932 3576414426
3576414426 1362329781
1362329781 4443482190
4443482190 30405576
30405576 2284440827
2284440827 2568550280
2568550280 1333753016
1333753016 3827108470
3827108470 2615990291
2615990291 2379872080
2379872080 119931582
119931582 1283667695
1283667695 2831829441
2831829441 2073427980
2073427980 2421509064
2421509064 5405903438
5405903438 2720419820
2720419820 364427081
364427081 2514808398
2514808398 2606156919
2606156919 692527
692527 2923515166
2923515166 717727954
717727954 1180494206
1180494206 291889824
291889824 4940564547
4940564547 27113120
27113120 3792594895
3792594895 4962359415
4962359415 1575319570
1575319570 3993756269
3993756269 27166412
27166412 8768378
8768378 579340124
579340124 618601901
618601901 1092828110
1092828110 2588150624
2588150624 1070276100
1070276100 2010499096
2010499096 2056503159
2056503159 3701281419
3701281419 1144143194
1144143194 3217135641
3217135641 1137692480
1137692480 1907942959
1907942959 2459845016
2459845016 370823347
370823347 1830156547
1830156547 252121738
252121738 1268944426
1268944426 4359539353
4359539353 1142057295
1142057295 2426538490
2426538490 158694036
158694036 4886812134
4886812134 1580196979
1580196979 2049596569
2049596569 1435313547
1435313547 1116602203
1116602203 664795473
664795473 59598860
59598860 1021087055
1021087055 1125359787
1125359787 1334920238
1334920238 79363478
79363478 1404517769
1404517769 1824175735
1824175735 3204801212
3204801212 927311568
927311568 456349153
456349153 1137441951
1137441951 252125874
252125874 1165827934
1165827934 3437717736
3437717736 2185553498
2185553498 259985194
259985194 4446693488
4446693488 1738635788
1738635788 1740335980
1740335980 3687324597
3687324597 1298511793
1298511793 251239953
251239953 1089183944
1089183944 1364325109
1364325109 3936488392
3936488392 1231434114
1231434114 1856397667
1856397667 286994368
286994368 294173365
294173365 1100808233
1100808233 2319508874
2319508874 1175165756
1175165756 334158461
334158461 1109310333
1109310333 1404530663
1404530663 251126381
251126381 295121846
295121846 244951180
244951180 272249047
272249047 1144142749
1144142749 3946862442
3946862442 3375241871
3375241871 1588762508
1588762508 427680002
427680002 3534226333
3534226333 1224776050
1224776050 1578752360
1578752360 3773968399
3773968399 814686542
814686542 1570100169
1570100169 1693237825
1693237825 311811628
311811628 1203186312
1203186312 2453875804
2453875804 478090554
478090554 261023087
261023087 1351495678
1351495678 1699820086
1699820086 1187290301
1187290301 2288731218
2288731218 4097808816
4097808816 2055187544
2055187544 1669909329
1669909329 5178336105
5178336105 1499758483
1499758483 2817821562
2817821562 255622235
255622235 278404127
278404127 248157674
248157674 1222226797
1222226797 1130862871
1130862871 32994120
32994120 493782822
493782822 372917930
372917930 1606653267
1606653267 4498781059
4498781059 376038134
376038134 1379891008
1379891008 1096799578
1096799578 27132379
27132379 3822957352
3822957352 2430412956
2430412956 1941104669
1941104669 1152579788
1152579788 3307986534
3307986534 373383208
373383208 2118292858
2118292858 1595963989
1595963989 281398051
281398051 1283395271
1283395271 4776994562
4776994562 1401697130
1401697130 535621976
535621976 986036345
986036345 122827325
122827325 345789311
345789311 2725084277
2725084277 73540084
73540084 2392843258
2392843258 1606917507
1606917507 576754113
576754113 1079391834
1079391834 294741119
294741119 1582923234
1582923234 1215572342
1215572342 280432193
280432193 1871010952
1871010952 57054795
57054795 1456761
1456761 608070068
608070068 3155121735
3155121735 2271451093
2271451093 277573329
277573329 241393760
241393760 734238
734238 3815514174
3815514174 254048407
254048407 1540422515
1540422515 2027688
2027688 1575319658
1575319658 1558568671
1558568671 1803245746
1803245746 4449695742
4449695742 272021482
272021482 1675760452
1675760452 1993039499
1993039499 4463196558
4463196558 1679723188
1679723188 1349527089
1349527089 438165995
438165995 2262917408
2262917408 4002699756
4002699756 1538694956
1538694956 3374409426
3374409426 244497357
244497357 5406704466
5406704466 259817569
259817569 2789948156
2789948156 1591399735
1591399735 5335865562
5335865562 1181037648
1181037648 2653535964
2653535964 73206082
73206082 1926705245
1926705245 2551278895
2551278895 107872768
107872768 1278709852
