313547069 2785921971
2446832759 1456334002
33179536 249579713
1173097999 253424754
301648098 3273043879
1806911124 372415379
3619147632 1172802487
299612745 1698474403
901223909 412516150
3072297732 147687
2990364121 280349131
4582917959 1770308739
413477699 248158044
1125704309 2647280659
344579878 1165968994
267196839 5390694752
271437677 270728228
2514867577 4489783007
1124844555 302297292
3835639505 532330636
1635179451 1300111852
4428135873 419127258
1173150339 3470915575
125526229 1510710706
3110160826 1986565045
2318000095 3444930917
1185709240 3507184442
84874947 263689462
5141094677 1782944359
4371325115 699573771
436091846 3306705709
484275522 631973254
294859005 1127157083
2291207613 445758491
4045655960 1415568997
3955797449 2515578227
1546456065 57231398
1369169680 3234052308
1272485201 4496484397
5062655936 4706296620
2083150433 1546348540
3770730380 30362667
1224665046 2348276391
1414903307 3413812431
318593689 278798620
1275874251 3190136387
1377817109 1489014699
420340129 1573784344
201409948 1841938018
1157373346 286546210
1600966664 3679040488
1569970557 1607236627
268226473 367041228
1722851933 202398128
1322905230 3421048242
1166545720 471531763
1709787479 303796213
1607236563 257675798
260996239 494616321
283125763 1332270178
1130992717 305578624
1895349063 1562872922
3413821700 687886
211493653 1549344322
1311891859 4355220966
2640834842 4513048376
3942505768 4943891424
261027971 1117161696
4874447723 2070600313
278781447 2590120758
3811629755 301862206
3255454572 100228598
316479035 1326930059
4677251586 2070831095
1117133222 30789848
1939538473 1446413294
4512751278 1273584645
1539385250 1177482905
1102688623 3374070844
265277316 3367201916
4638156104 1248727513
1142225688 3901171485
364630636 1583322410
4508382623 442567434
1624098746 1071187338
27535271 290652230
984425230 1481534872
1057409991 1785976009
248448385 256168168
4669700854 404296021
4896533578 5286705695
2393275126 4551526676
1563759320 1105391836
583233935 3773883083
149198823 311831740
3827108513 2349345659
472397346 84850594
3998909987 540394691
1392604838 97755609
2265516947 311820040
5299795989 1226430663
1179646579 281411797
5279725276 4095096448
803224507 585149559
35502372 1571928226
1235338125 1736096726
360731459 3751946738
547067984 5182294282
278225859 255382038
1605581876 27159780
3413221378 1767755177
5282333170 1100387418
295632527 252188484
1562943495 1749706433
4861668267 3379407509
281378928 416620526
2394526236 333137255
15043918 3481132109
2332354456 1706409197
260769601 5392686856
345521687 3464340234
1364509857 3223293577
1142993216 280307764
3258368334 3261672955
3675037672 3945879169
1117387239 95168467
4569433036 55617095
1489171722 881415502
618598335 1490850419
1599555446 3898443807
4882830816 3261675874
410828817 5030093933
3579165245 2688021769
1136503961 1477256484
4793177262 2493781961
2589230680 1432083907
4521955071 527359376
5418028887 3841899496
3678003436 3188259225
2107892981 2281076935
282180825 473594049
2937763064 265900839
4703294563 5116150024
4613987401 2379982789
4194628765 5355004242
361518205 1468014809
881317842 432450752
2179881359 5067630127
2282802659 1185027015
1427084725 1094993305
1375976046 130024560
471150789 2950904923
4218225762 308665821
466220366 1567677866
2498179235 383885768
289547122 3764975190
494610156 1200824206
4620362525 1080531921
290678045 3125484310
1100353170 2472182789
1120258313 343482460
2222287500 1357159551
1994249669 1206402764
32347665 288707378
1140599805 259815577
1276841313 1556278361
2957164888 252631573
3104131827 588694294
1183206870 122827336
2786391651 706671272
4931830581 2341535507
1604088134 322905006
5060310756 1088505292
1659127594 484632878
1590020836 1846433041
278761548 3759654839
2655806998 1166294742
1534554598 2228164703
1907344984 2212816404
1247324623 384951189
525788961 279654698
1937614945 306245531
31229303 2476577522
3498795956 1201806347
451023665 746346133
244101609 3505312244
1711799097 384951257
1105394048 266225778
797212935 320006606
4927475589 1262423229
2255948765 5329721979
1590545894 5327253228
339902642 1161152770
1022931215 1091205413
1164866919 1297668588
3334030751 1126322362
2465043236 1814303496
3812047825 412495888
1108912065 410687519
628518 1324043178
