4125266419 855425625
855425625 1782706873
1782706873 1127731223
1127731223 252293041
252293041 29216237
29216237 1137433796
1137433796 1166975206
1166975206 2405776324
2405776324 617754514
617754514 5274881566
5274881566 9786557
9786557 2126018087
2126018087 492916558
492916558 467076296
467076296 439721878
439721878 1176134420
1176134420 100111687
100111687 2908110349
2908110349 5070354611
5070354611 2394118073
2394118073 729646614
729646614 3948681573
3948681573 224490978
224490978 1937256747
1937256747 14834762
14834762 1832881678
1832881678 279736647
279736647 1363824299
1363824299 696552686
696552686 4554557269
4554557269 617740638
617740638 191839967
191839967 1272485201
1272485201 5276054258
5276054258 3203504842
3203504842 4787710560
4787710560 624617676
624617676 4718271120
4718271120 5352312956
5352312956 282580252
282580252 1197428623
1197428623 5382537851
5382537851 412520361
412520361 4956887753
4956887753 2063617395
2063617395 276190063
276190063 271419851
271419851 263442394
263442394 1938001610
1938001610 13094018
13094018 4700027841
4700027841 2756121340
2756121340 1335944490
1335944490 2863387329
2863387329 2636043324
2636043324 297782727
297782727 252188821
252188821 360661019
360661019 2515578180
2515578180 2397779991
2397779991 5226088041
5226088041 34003702
34003702 294138224
294138224 1338610561
1338610561 370108468
370108468 3682763552
3682763552 283316386
283316386 251826795
251826795 430725778
430725778 3506002699
3506002699 1544054683
1544054683 3333111279
3333111279 5361023395
5361023395 280548138
280548138 2298003562
2298003562 2339690461
2339690461 303488655
303488655 3000882942
3000882942 1301903616
1301903616 4458282736
4458282736 1024729257
1024729257 1224789961
1224789961 3210049570
3210049570 2025504
2025504 70438713
70438713 278798572
278798572 1166002539
1166002539 1041691514
1041691514 2641834152
2641834152 330567531
330567531 1128415756
1128415756 3426867165
3426867165 4063996274
4063996274 1023919366
1023919366 608624844
608624844 279700111
279700111 472261352
472261352 11307086
11307086 1112074559
1112074559 2032370503
2032370503 1689511705
1689511705 310656734
310656734 2001154902
2001154902 3028174512
3028174512 294125144
294125144 254344787
254344787 294886196
294886196 1600888715
1600888715 367696105
367696105 1120309186
1120309186 656507907
656507907 256905774
256905774 456214695
456214695 1086576036
1086576036 1137710664
1137710664 2282092325
2282092325 5287948627
5287948627 429271591
429271591 527839289
527839289 2799531996
2799531996 700062023
700062023 1185690672
1185690672 609055601
609055601 691524958
691524958 365972083
365972083 2415308680
2415308680 353392824
353392824 2458411163
2458411163 1772699010
1772699010 458321971
458321971 601098295
601098295 1470651784
1470651784 1351878067
1351878067 287506894
287506894 8783316
8783316 292962909
292962909 2467608968
2467608968 3266931585
3266931585 429271568
429271568 1861920905
1861920905 448539204
448539204 4313078171
4313078171 507114681
507114681 1588721793
1588721793 71679547
71679547 2634524555
2634524555 2398384783
2398384783 288939568
288939568 282241374
282241374 4578292410
4578292410 2134241148
2134241148 1096737333
1096737333 2285047249
2285047249 408735181
408735181 3039328579
3039328579 343689106
343689106 3167083962
3167083962 3720095248
3720095248 2301769041
2301769041 202874323
202874323 4127902424
4127902424 1606529988
1606529988 252817417
252817417 2395964975
2395964975 624617750
624617750 670655366
670655366 1413293362
1413293362 250993990
250993990 1302639668
1302639668 5214233836
5214233836 277455911
277455911 84565792
84565792 2397780033
2397780033 3956257096
3956257096 4872201137
4872201137 602609973
602609973 10304363
10304363 288806459
288806459 4779694900
4779694900 870470108
870470108 1114083184
1114083184 706358805
706358805 189157822
189157822 292946716
292946716 4927537507
4927537507 1982609772
1982609772 1091549737
1091549737 1206053729
1206053729 2453875483
2453875483 3928599225
3928599225 1613213997
1613213997 1283395248
1283395248 3373246128
3373246128 255490579
255490579 5126066574
5126066574 3256442407
3256442407 2007195368
2007195368 1755427819
1755427819 1131142333
1131142333 4558933011
4558933011 679900205
679900205 267184290
267184290 4959350572
4959350572 623552336
623552336 3857547670
3857547670 289748682
289748682 288489839
288489839 1935686061
1935686061 124427852
124427852 1233971665
1233971665 1768659024
1768659024 370595971
370595971 1754148518
1754148518 1307213156
1307213156 565443063
565443063 587928005
587928005 4680003982
4680003982 4648938583
4648938583 1439289328
1439289328 856318932
856318932 1328770858
1328770858 174028837
174028837 707988589
707988589 1352341152
1352341152 252110619
252110619 97794981
97794981 1137711008
1137711008 5072212470
5072212470 1100711519
1100711519 3283508924
3283508924 224491417
224491417 1224762110
1224762110 3201701758
3201701758 288911337
288911337 287510343
287510343 359968121
359968121 1557236619
1557236619 2310044477
2310044477 800440195
800440195 2006216732
2006216732 262692727
262692727 3238753954
3238753954 1568361025
1568361025 259743366
259743366 1165813602
1165813602 1600079158
1600079158 405145623
405145623 1429395623
1429395623 280872037
280872037 1175974983
1175974983 4872909676
4872909676 1077501960
1077501960 4883148279
4883148279 1583989891
1583989891 2479776285
2479776285 3838732788
3838732788 343472931
343472931 3267999476
3267999476 94049610
94049610 2054835027
2054835027 458710483
458710483 1269551304
1269551304 2890584017
2890584017 1591378904
1591378904 288085621
288085621 5033266763
5033266763 1700305395
1700305395 246746790
246746790 321931795
321931795 315855786
315855786 286672996
286672996 5419094836
5419094836 469815533
469815533 1285515731
1285515731 1179319493
1179319493 1572484903
1572484903 2653639809
2653639809 252110603
252110603 450955313
450955313 2218328437
2218328437 1607284504
1607284504 450272547
450272547 4291724885
4291724885 1533824184
1533824184 30562102
30562102 3381141580
3381141580 3789570065
3789570065 440653223
440653223 673974402
673974402 130025893
130025893 1968826760
1968826760 2930997125
2930997125 569766545
569766545 4375505631
4375505631 1028549477
1028549477 3164345947
3164345947 3017983675
3017983675 3625878341
3625878341 1355735680
1355735680 394936756
394936756 3856516791
3856516791 66399699
66399699 1023047071
1023047071 4148805639
4148805639 309772302
309772302 1853336497
1853336497 4927446123
4927446123 3818867764
3818867764 4169461364
4169461364 3016813983
3016813983 321356227
321356227 1211726509
1211726509 2491930518
2491930518 303650421
303650421 831049872
831049872 2314798061
2314798061 2478254900
2478254900 418052591
418052591 4739602435
4739602435 3194668609
3194668609 1912563453
1912563453 1607330409
1607330409 3900349430
3900349430 4927553079
4927553079 2522087551
2522087551 310777303
310777303 334367987
334367987 2399401395
2399401395 4539681854
4539681854 945002411
945002411 1184143504
1184143504 1693131550
1693131550 1126008489
1126008489 262498487
262498487 4496831213
4496831213 4629523204
4629523204 1181345794
1181345794 796541115
796541115 2512547068
2512547068 2398080564
2398080564 3021650614
3021650614 681920
681920 279719517
279719517 265415160
265415160 1547055925
1547055925 5420363431
5420363431 372809712
372809712 2674389480
2674389480 4756837197
4756837197 417645423
417645423 472349087
472349087 2606859409
2606859409 441298456
441298456 278404986
278404986 1456228184
1456228184 401541142
401541142 1311924877
1311924877 1558248852
1558248852 1394033814
1394033814 321730593
321730593 5322913751
5322913751 2723746887
2723746887 334244232
334244232 318704476
318704476 365031175
365031175 1019583700
1019583700 2688010002
2688010002 2612877964
2612877964 4888260384
4888260384 5418028867
5418028867 280874366
280874366 1235099805
1235099805 1420939292
1420939292 253430060
253430060 1853128165
1853128165 4262488651
4262488651 1826871606
1826871606 3392708617
3392708617 356723254
356723254 446305235
446305235 727562029
727562029 2512162213
2512162213 3260799769
3260799769 269512969
269512969 5138673612
5138673612 4057173180
4057173180 1575319514
1575319514 4157149515
4157149515 1170903034
1170903034 287284891
287284891 417210439
417210439 1430999003
1430999003 3900349433
3900349433 1177652418
1177652418 20697412
20697412 696987667
696987667 281408211
281408211 1595224591
1595224591 1182899478
1182899478 1015403597
1015403597 570476
570476 1366090103
1366090103 248802792
248802792 290678059
290678059 285883683
285883683 2479776278
2479776278 1349411976
1349411976 2485455919
2485455919 281169321
281169321 307812723
307812723 582753342
582753342 1586050934
1586050934 3667658917
3667658917 5068894609
5068894609 2041092705
2041092705 2298773113
2298773113 3271170673
3271170673 2034815414
2034815414 450955194
450955194 1437508182
1437508182 3910523068
3910523068 2359407138
2359407138 1298266815
1298266815 2293315398
2293315398 4785294311
4785294311 534346921
534346921 1263611747
1263611747 3824555657
3824555657 638770325
638770325 415340783
415340783 2501897250
2501897250 309447926
309447926 2844893739
2844893739 2776085844
2776085844 1753121202
1753121202 3062616791
3062616791 1261285921
1261285921 1286235845
1286235845 3284639585
3284639585 3766397607
3766397607 4510103736
4510103736 1100465814
1100465814 4077236338
4077236338 333811866
333811866 2899843752
2899843752 300710808
300710808 1021993361
1021993361 288790946
288790946 60207147
60207147 298847777
298847777 333178267
333178267 3374070691
3374070691 1082886097
1082886097 479225112
479225112 1257096542
1257096542 282951755
282951755 2518397103
2518397103 4920072664
4920072664 490715982
490715982 2081194643
2081194643 1100923522
1100923522 28848742
28848742 3657801413
3657801413 1081960558
1081960558 1240254144
1240254144 4382590221
4382590221 3623358698
3623358698 4718194099
4718194099 3110937122
3110937122 280104475
280104475 1235135961
1235135961 2233874680
2233874680 727303333
727303333 294230241
294230241 122019960
122019960 302773492
302773492 2495077091
2495077091 3578027357
3578027357 2065211056
2065211056 4069696703
4069696703 434823197
434823197 1098600202
1098600202 366762905
366762905 3947454094
3947454094 3140391048
3140391048 691854
691854 968514244
968514244 25643346
25643346 3080414248
3080414248 443392552
443392552 878702650
878702650 2246981120
2246981120 1793616844
1793616844 5234193031
5234193031 3914544539
3914544539 389028440
389028440 82657068
82657068 252323244
252323244 1080380994
1080380994 1091352526
1091352526 286999667
286999667 364106056
364106056 2904299489
2904299489 1156425945
1156425945 430706160
430706160 1128414102
1128414102 664755503
664755503 1428910921
1428910921 1419123015
1419123015 1086691626
1086691626 315308487
315308487 1565163508
1565163508 3121009114
3121009114 2319225271
2319225271 268841776
268841776 1607460113
1607460113 583233949
583233949 456384481
456384481 276720922
276720922 1176678730
1176678730 426957804
426957804 984785395
984785395 1102894237
1102894237 3859890763
3859890763 14791313
14791313 4732865799
4732865799 117922
117922 3758042293
3758042293 1137729311
1137729311 603896411
603896411 1306129599
1306129599 1402242648
1402242648 3515669974
3515669974 5351741142
5351741142 1471929950
1471929950 32995537
32995537 1330823060
1330823060 1979218420
1979218420 908320080
908320080 1647818097
1647818097 26683619
26683619 1354205344
1354205344 278225859
278225859 4319694973
4319694973 262353929
262353929 311654666
311654666 1618100484
1618100484 1583995770
1583995770 3006931978
3006931978 411270633
411270633 292460453
292460453 1096181774
1096181774 4106339318
4106339318 1246165331
1246165331 2195326931
2195326931 4990240524
4990240524 5104205899
5104205899 33152972
33152972 333029900
333029900 2491908280
2491908280 878526845
878526845 543393752
543393752 1745711718
1745711718 290556896
290556896 1137639739
1137639739 1583979530
1583979530 386163015
386163015 4927533103
4927533103 523181207
523181207 271077236
271077236 1036556213
1036556213 5123973698
5123973698 60402338
60402338 5255483847
5255483847 4928951089
4928951089 365327254
365327254 1247135116
1247135116 4943710254
4943710254 2055187536
2055187536 283672617
283672617 1317140578
1317140578 1810640968
1810640968 27351984
27351984 75682005
75682005 1948174310
1948174310 2343500887
2343500887 3351379356
3351379356 1629908159
1629908159 2153595768
2153595768 1241040847
1241040847 1567958600
1567958600 1858314763
1858314763 976528708
976528708 1114550100
1114550100 3629259211
3629259211 27113240
27113240 280233434
280233434 1108977540
1108977540 1113530290
1113530290 30916164
30916164 1100568139
1100568139 2902956170
2902956170 1137444633
1137444633 1166545705
1166545705 618791459
618791459 2454663486
2454663486 2589112
2589112 2466998496
2466998496 2300233213
2300233213 293111883
293111883 2817854131
2817854131 428426964
428426964 526956412
526956412 831751100
831751100 5336685095
5336685095 1157740794
1157740794 1414518854
1414518854 30411743
30411743 366722849
366722849 1588763775
1588763775 2492621189
2492621189 2716999114
2716999114 1089093103
1089093103 1684471174
1684471174 1249081545
1249081545 1583042630
1583042630 3172733681
3172733681 288192924
288192924 268819891
268819891 303796074
303796074 316298322
316298322 824081309
824081309 1603832790
1603832790 1923335246
1923335246 268226390
268226390 1786084358
1786084358 1163348321
1163348321 3229025714
3229025714 3679856409
3679856409 243328796
243328796 281398142
281398142 1225963929
1225963929 3708661205
3708661205 2845922388
2845922388 291969030
291969030 276670439
276670439 258883075
258883075 1787817529
1787817529 2423817336
2423817336 87225399
87225399 298885307
298885307 544722084
544722084 1583995713
1583995713 582115266
582115266 27221454
27221454 1176722506
1176722506 1577249921
1577249921 280098955
280098955 258395810
258395810 1840092868
1840092868 3220252041
3220252041 1281931887
1281931887 59988853
59988853 1166496573
1166496573 2656872490
2656872490 1221772677
1221772677 321584845
321584845 1179514095
1179514095 608969371
608969371 103097037
103097037 118511
118511 2390394610
2390394610 253263154
253263154 330116470
330116470 280400100
280400100 685442888
685442888 695233462
695233462 1583260288
1583260288 1112167094
1112167094 2152226124
2152226124 27130803
27130803 258361016
258361016 271333829
271333829 276426807
276426807 287324466
287324466 30789846
30789846 1098600698
1098600698 34784046
34784046 1219128650
1219128650 2122767135
2122767135 1116379886
1116379886 1091205413
1091205413 366722886
366722886 3016814005
3016814005 244153941
244153941 1068739268
1068739268 1215231870
1215231870 1631262349
1631262349 413495478
413495478 1119750877
1119750877 1782949002
1782949002 1644201659
1644201659 1775807711
1775807711 252621024
252621024 446017633
446017633 251837073
251837073 3715007196
3715007196 3295493770
3295493770 1436711123
1436711123 2912513110
2912513110 5333945032
5333945032 2359406691
2359406691 1019822830
1019822830 1025539885
1025539885 1585001957
1585001957 4929272652
4929272652 3729655373
3729655373 3160855902
3160855902 282018642
282018642 13135378
13135378 295122239
295122239 339230293
339230293 4605370233
4605370233 587927991
587927991 320207080
320207080 1368336344
1368336344 4564063017
4564063017 830425833
830425833 2349103648
2349103648 3104429731
3104429731 429261587
429261587 294854820
294854820 444711696
444711696 372918074
372918074 3538001793
3538001793 80269348
80269348 434126466
434126466 2593642582
2593642582 125483
125483 1569639023
1569639023 271872781
271872781 1247137370
1247137370 370108894
370108894 4287309598
4287309598 1298267078
1298267078 3463396800
3463396800 1302497495
1302497495 94080491
94080491 1107318209
1107318209 97900057
97900057 1575521226
1575521226 4236228962
4236228962 510576686
510576686 1237693207
1237693207 4132567459
4132567459 546969720
546969720 568558067
568558067 2501558899
2501558899 280871982
280871982 1142858361
1142858361 453386988
453386988 711686585
711686585 4647924434
4647924434 10706494
10706494 5231321354
5231321354 1104591863
1104591863 444741293
444741293 484701355
484701355 30434787
30434787 5231743082
5231743082 890430835
890430835 2716926606
2716926606 4532444760
4532444760 2394747832
2394747832 571585850
571585850 1119917166
1119917166 420229755
420229755 1507770154
1507770154 3285090433
3285090433 1172286793
1172286793 301058693
301058693 271120782
271120782 1940147238
1940147238 95282647
95282647 305636005
305636005 3449285647
3449285647 1025288452
1025288452 5359948036
5359948036 544297709
544297709 469359452
469359452 303796188
303796188 94038959
94038959 861057172
861057172 1157883313
1157883313 1201465175
1201465175 670566261
670566261 1096168690
1096168690 2306360020
2306360020 2724962597
2724962597 1283188921
1283188921 528990174
528990174 182810890
182810890 1761981070
1761981070 1102566445
1102566445 3732904301
3732904301 1091218013
1091218013 1370420747
1370420747 1016916691
1016916691 3372013128
3372013128 318258389
318258389 1299462013
1299462013 2059672572
2059672572 2034815435
2034815435 1709793321
1709793321 1699695936
1699695936 1179939026
1179939026 3438914195
3438914195 321446072
321446072 1397873777
1397873777 371812484
371812484 147610
147610 1496425002
1496425002 2485455818
2485455818 1688831438
1688831438 2393639773
2393639773 20947586
20947586 5203315725
5203315725 1225496715
1225496715 1489848414
1489848414 3898211981
3898211981 4929108074
4929108074 5349336514
5349336514 631127351
631127351 486029844
486029844 1088467936
1088467936 1693136175
1693136175 2450674421
2450674421 1477419151
1477419151 1100808366
1100808366 1088186859
1088186859 1179589323
1179589323 1110682610
1110682610 288489110
288489110 2612119971
2612119971 1619442417
1619442417 1894424411
1894424411 3227225096
3227225096 288218216
288218216 3194668187
3194668187 458896869
458896869 1299838543
1299838543 624330904
624330904 2888261162
2888261162 3235204236
3235204236 321438529
321438529 3317713233
3317713233 557056556
557056556 308606964
308606964 2197265514
2197265514 356696880
356696880 4680899336
4680899336 4142848840
4142848840 4865813287
4865813287 2300233275
2300233275 1099821443
1099821443 3346480084
3346480084 1167004256
1167004256 1438538242
1438538242 320212228
320212228 1379884908
1379884908 1632462936
1632462936 2118151984
2118151984 1792200907
1792200907 430710384
430710384 1547705179
1547705179 4775918722
4775918722 352629148
352629148 1136432118
1136432118 3503025864
3503025864 401493285
401493285 3504908247
3504908247 928408319
928408319 417755328
417755328 1298464348
1298464348 1315843
1315843 582075099
582075099 623960
623960 1123183917
1123183917 3909531115
3909531115 1282929807
1282929807 1168780026
1168780026 2673417583
2673417583 3237039586
3237039586 1595328811
1595328811 3687324544
3687324544 451688324
451688324 1177216963
1177216963 1216918510
1216918510 478052597
478052597 4071459899
4071459899 1211052922
1211052922 1282575386
1282575386 305436246
305436246 25953138
25953138 385816958
385816958 3313946822
3313946822 131321
131321 1317322523
1317322523 4948381429
4948381429 203078502
203078502 1071187541
1071187541 211475088
211475088 339897110
339897110 1080880671
1080880671 1080627729
1080627729 1247136025
1247136025 2907669431
2907669431 2332354619
2332354619 3884370598
3884370598 2653375083
2653375083 3974082590
3974082590 118632
118632 89038988
89038988 399823665
399823665 3200315942
3200315942 118279
118279 1606294685
1606294685 2323969684
2323969684 124503392
124503392 4791919292
4791919292 3050525197
3050525197 1569018778
1569018778 1551954875
1551954875 1842228881
1842228881 103097227
103097227 1612696466
1612696466 1686051957
1686051957 1390986998
1390986998 1941052636
1941052636 3007358868
3007358868 25630202
25630202 1504432889
1504432889 1582402571
1582402571 1684441257
1684441257 3138274459
3138274459 2410759136
2410759136 111775009
111775009 2586474137
2586474137 190709954
190709954 1408517915
1408517915 2789344575
2789344575 932315279
932315279 3857793567
3857793567 3302931391
3302931391 674128558
674128558 1811022737
1811022737 251715747
251715747 31453448
31453448 2106846384
2106846384 321349307
321349307 30563756
30563756 3093919386
3093919386 1576178358
1576178358 247426076
247426076 1357949896
1357949896 1417081800
1417081800 2523092203
2523092203 310876730
310876730 1165764086
1165764086 299617288
299617288 4602713514
4602713514 843260441
843260441 261019629
261019629 1091674383
1091674383 1346351528
1346351528 346149608
346149608 5359952808
5359952808 1119596668
1119596668 4564434581
4564434581 4674463653
4674463653 3268923055
3268923055 29511679
29511679 3455420592
3455420592 31774462
31774462 370117827
370117827 1062975296
1062975296 30942560
30942560 1122601723
1122601723 3720044059
3720044059 3760677371
3760677371 251124761
251124761 1250658243
1250658243 834625310
834625310 1214673039
1214673039 392685950
392685950 673457552
673457552 29594378
29594378 1255081802
1255081802 4576059047
4576059047 3716374875
