1657807540 2603619543
1546257281 434823252
267184309 1781663358
3811101651 2458486444
3451626430 276297869
1543287249 3336729700
2061833914 4788404912
489787766 124034956
2513294458 3225461521
1352357440 585141062
2639493261 1546265385
1128915247 1600769075
2234623967 4959350573
1202102552 10585469
2070378942 293386718
673967463 1191803807
4614161115 1362141456
5226973364 3677892321
176804574 3406832301
252607018 4788404870
4214973570 282579904
230116678 1224664912
346151669 1119347412
2255080841 305640334
4898316076 717297640
279828800 4930608321
4284690038 1733022695
998228669 1354668920
29216252 1558444434
391158197 1143831130
659526822 582675787
1427003400 1107413846
4501624464 4016456050
1194649612 2118367291
278999724 4996064408
277233241 369796112
32995523 279379100
516619041 1030113081
3677937688 1200090663
1996104380 570510
460404159 2279444311
2398541760 280298769
2061407957 4569260147
1120191919 1112063456
4511983466 4214922821
3294101323 3792052436
1157358536 838854312
5177748621 1475027480
1125085549 268312171
2811645422 1609396190
2269880755 1292992575
2356132075 25904783
1609396479 2415181640
486619219 367074328
2983242334 410622357
310603667 28200903
8083322 1137559167
302773483 317222032
255934265 28847255
103097022 452535451
419731111 4785293320
3234051795 2477017197
3310153843 5334733108
35328805 26526297
4830461962 2043057363
190830020 3569516716
368006590 3102627851
5200591277 288141753
13094020 5295023738
4890615836 3904554180
1206054733 1914282979
2477870264 3029867322
313987205 1565967493
292962791 321576928
1804130034 1079319292
5124611607 1222181443
2411776994 4521955031
332298228 2389483630
793420 3631560614
1624911093 591624500
3225586754 4018444857
189042738 392917369
2647280615 2921631126
1771792724 281962281
1930247169 249538663
1328815614 2228878076
3258985645 2726662062
2959936034 5321953251
281408656 388571218
1283667697 296199227
366862007 416431737
1639728482 316993286
1147201128 1584745913
276244456 26653615
281725402 1606666590
1093669393 1756331379
2041939911 4701921198
305584528 320985323
4881659199 435753301
2463217814 279442631
4731022816 1680714568
1945633543 731257015
419133361 2216067184
5223021378 2619631050
332560223 103047165
1274099113 2522087815
1583989919 3361469220
2653207860 424439747
311180904 299615518
3210032339 1414522829
1110720736 2411652050
265576958 903099825
2873218822 1168844002
493488618 2612120174
544555470 3625701945
255711729 406352908
3435618296 462213332
2975068537 2764100942
2085085828 1801885463
1246360958 2895484805
1125308102 286672340
3077804357 494610228
3481296304 1261815537
1700615963 1271512984
5401708457 1644351358
457810941 4065647156
1673514156 3397114154
3413536555 4342473928
1209250861 3217995753
3443218046 1458117683
1350230595 1277035854
1470647737 2519124584
299133589 1829631762
3312462044 293967846
281169313 298885718
95353035 1122174889
1872650911 1351368482
1151618177 4779694909
278225317 370117926
251739293 4477615197
476035462 279833129
149198752 1179448131
1148157814 1261820700
71531338 3157675722
2293078675 1129367897
3715981005 310130087
290376650 149125321
1103228210 544839251
3930386983 1143810245
281721745 3827129775
282053014 1390302596
3898553822 903995673
2415181666 1969772245
468483652 386186264
1406258887 3180507682
4501698865 583229865
1025391856 1780477335
2378833349 1019149819
31453079 4955587559
8139777 1289477772
1580435172 397026142
2860078045 282951749
2621995322 1519082099
2661294772 4310039903
1385273293 2290133944
301641673 31229219
3393835383 128653321
4123878558 4124581871
898733546 2061910329
3509611458 1205836825
34570609 1298230350
2715150654 2598009428
5191922112 1126934806
4073248790 1225797283
3294756499 437139774
469630931 1741873264
441141806 1650921346
461981061 1278576926
250632577 409552776
2472182776 305114210
276190071 1584003327
1104839361 3413673353
287717013 493665600
748870332 1117387803
95211962 638770343
1606529941 3463729030
244976213 576931255
1015158307 3201583758
535622086 3278925502
2814299800 416620353
4618201463 295340274
1191832168 112642274
281935579 2552650375
5164854753 297149643
2859387755 1183409055
321343935 1681745525
403797109 295078105
2332713463 891107007
1327822381 30362597
2418712900 2351968151
4073665780 1558645701
3043031712 1018899268
14091164 2297598528
576904 269778082
1211228270 446104215
413203784 1575521041
85737284 484295260
1584003505 656632827
538493973 2281083122
1132215611 346151663
410724233 280547990
1155147368 1107589223
1570665337 4377735346
279715308 1448321816
3994215479 369742958
281408219 1256489625
1835327423 1387113804
1137710769 3468114008
1607360477 137564345
4832225057 85784696
1807671066 1151212142
29216318 202398963
1117132781 506274579
301054797 371654240
617759311 1092508168
417755335 2351252890
1219137520 1689053089
3334820249 418193164
2484629546 1096799845
301894697 1707287994
451765430 1409847588
413711853 391012544
382975135 2059672584
2404517076 35506998
1195414320 1495420944
1778061802 4557785856
1920814309 5272747373
5070402434 1106766435
4460304584 252102329
610821382 1519670415
2466998480 450156072
274845620 1130852488
1411315235 325650022
4383620878 15043535
30560472 82653804
288475383 732923704
2526509845 810647792
1105871856 118637
255551440 2612306080
1034081756 433569935
1100557624 1086955678
2361999792 270379993
4496967364 3189842592
292201958 2669116186
1708068 1362171126
582201328 2516084391
661326785 32036801
2571175502 2844893748
199128511 1581576145
5368667223 1278029332
1510041575 280452768
5214232819 282697795
5154017405 3953541056
3724806164 1568204100
413221600 1022394490
516555815 472165124
265506908 5224382093
248208331 427739662
289471672 454345910
3031573626 490368895
302138622 1688734476
313736782 5226184018
4729711178 1234072593
29223781 2399162266
4202713309 769353154
251077098 255564964
1582223290 444812588
1144467590 490369608
771802153 2236793662
5073979880 279387129
1585543077 130578348
1879436557 3262418197
32554661 281382597
1409868664 268692496
277840690 2951515353
3687324620 1153184072
1666871023 3114668061
253689152 29785590
429227076 30434824
469735897 1128416479
3898674441 1015430936
3851786577 2774119019
249580755 3395175963
5236136127 485998421
880403880 1609106990
2459452633 454388027
280229208 4100779851
676494 312292088
3790514959 4279772469
4931040315 1974448227
1239505036 2398201980
538089627 438048726
298885398 3628500819
2463834095 281444035
292019457 4195690412
322106708 1128131129
290650157 846225429
2396317298 1242178307
2788796880 488224038
3946726705 366687860
1030525493 701378
2423037883 27221441
3235286393 2817897669
3319989025 189059496
420351192 4747501960
2281818822 5333945037
1016920391 399769584
1089226063 1707108148
2041861471 17177667
339346681 2458113434
281896662 1150687812
2467608956 5008872801
4986627983 13094020
75620278 3561184761
31233830 4422934897
295975039 4497111770
430206004 310148328
3810408201 1108851312
2486635466 299614913
842544471 2955914365
1571179191 3281200471
97981448 2377765218
25931530 2590770562
1357409952 2571442940
4196734180 1533759277
282025011 3635089398
123941452 2859442256
1027101304 3789570067
1200566219 21455839
320919419 1082367884
440893230 431244599
33981912 1617620554
3422950801 2966746265
392711543 412776202
278493083 3961885572
1441030561 29511745
256743403 5049805257
671553316 265711039
1775842797 4703998180
76812875 435046199
1272422907 340351899
685791349 437139795
2612120388 1135357052
1748677975 2720470858
474614065 4434857607
4788446830 2694607670
17207416 280454760
333178234 3165059907
2515257115 1168499833
4906190688 571345585
4515980738 444812588
1163376918 3220472180
1596241652 898746828
373277883 3036890817
1619530753 280441134
386922629 1306829650
1292990284 1308260762
1610599035 2298175733
471531790 4190114695
4467801742 4476548635
2338495084 2094436775
2486377545 1581590814
670672835 1161586420
4900329701 1745726
3900264292 4421004196
674686233 4033761567
5056697612 1588454513
1945673310 1791264948
273922652 115061285
243328801 1239505077
49552524 2123635896
2260687249 1232919521
634580509 1105536679
2338494986 5075084430
4929376825 392389048
360752543 288872634
251757322 668473900
595369814 2297598848
3463286660 1088413247
1083465072 3449453443
3098343003 266206857
4963145560 1367095409
1369553064 427756130
618598358 249401915
5253619270 2252084133
2409929290 68372570
1577249926 4519794192
2497583180 1570136131
268817738 2477017100
4319692210 3132017890
3964767578 1820951371
1829481173 1200521844
3116356426 332493423
560010913 224380807
340351879 1119624020
820447551 1282929801
427907234 1809310803
942385 523162062
1688757080 3171097013
4898087251 1119638469
4998188446 2506590509
1607335899 94049654
2513068976 3367894560
3829796539 1600385586
1079319055 4466258686
3017793636 2501560212
619526850 409618916
3636076595 1456233669
2619837443 2159724434
1609821256 310655056
2586474378 1301780425
5250418294 1314392315
267039598 3372915220
2410758991 561370470
2681232085 3019027329
1333553276 1079046539
3679856935 1770710360
3158423039 372798261
2241552128 1269703243
1769685012 2214656350
279736657 1814913814
3716773196 1027101365
4195690597 687454934
4737100327 30789823
4187191964 1091395685
1096563846 4150508905
3374409702 1188042453
422669646 4487777989
3280610609 387537785
271333697 241379972
3905350627 5072352530
4554528999 281407276
2512162014 5401798456
29594613 370118246
1555894356 290623229
2035467192 343473028
7307540 107917843
262137516 174086916
1990775015 334367987
1580190898 1105109854
3188259702 2817821559
255164446 514367768
2456155587 3723447683
4121823461 263368787
1607795051 1179390971
595655346 3703204086
2351510806 256513238
343065562 5345111029
504923087 1809310602
2079645370 286837664
1164548674 118681
31466444 489395752
290646041 1223205583
3713815423 289472782
274754774 2353730637
5222515821 4888225950
2569498154 1530283373
1089199074 315856394
296306719 2520774455
262498290 1728860700
4847380519 276218784
4421133546 3182489381
26981769 285935802
34024018 300655066
1402895712 29972683
3294255436 321346434
1680714646 3163713024
523233414 1934780077
4119499674 3062567770
2883498579 488536284
2838661501 1226052433
4298052645 850481584
1095206923 4135067909
313927245 1091561298
2661457931 1298917185
1282837337 776256575
1309645145 3221834449
1336473631 1283421236
1792376903 305722766
2807569839 4955450740
1221739035 4252220390
1509547520 490368898
3619147663 3731432818
1187290301 1082241389
1068964678 3398112272
3470915871 268084396
347648645 346151386
4202690792 4379628043
4928982759 1100516400
4157728697 344968584
403797192 577473976
388404246 1835327410
2394747794 1494170048
4428983829 3905350951
458321925 391518967
117541 764357628
313316505 4580849623
4593241775 4605370229
697768451 2007116619
3396544685 1099073474
3100081622 1016074974
3228768948 655152112
1351401724 1247506935
5351682512 3208306627
342267684 2293330946
1081999385 368181446
1137507997 2441404777
294243140 3187668865
399754720 3791180347
1937180391 252109031
3476471806 310749332
3631896639 275916839
1583260503 2329900539
5270159244 3126234144
1099806291 310148333
296341941 1350416938
1788362304 30434785
1601689439 1103792580
1290806789 1218060180
2237273194 281393687
4153219063 791242323
1015131550 1089039806
122743571 436068789
247475188 2501756764
1693237779 2450674436
4929281168 371446275
4927485419 3900163928
3304986653 266165296
33153466 583691822
244976293 295264780
4906190711 3305459118
4154186303 430653986
4896086481 1673514158
1255825274 357383082
1159815999 269893353
1081965294 3404577758
442563997 2915637669
3776243629 3256192158
1785194132 370117542
403412382 4777035212
4569433042 107876267
506742651 1127786643
276257649 534648187
3163887365 356243000
1300151882 1278472287
2460900030 410647092
415896608 333179155
1253115644 3436893346
2908120214 286514091
1349396108 1829744808
339249565 412125339
479251723 1099035503
1559838266 318239704
294153058 118721
4374885861 1097821119
596274047 2612120169
1977133176 3578263651
1825480555 4206136863
2162430263 3227225096
1861876313 774061978
4798053061 265847052
1312989181 1225835427
367689316 308208596
2616222693 203127108
1893903953 821921484
1326216590 2104742220
2589609259 32343803
1472245949 56526085
1165267280 5219516992
307531340 1134277830
340836525 722263
493400301 5174250260
27380588 1116147486
5191871580 2372774918
3506673199 654106931
1098088275 97994171
2618833322 2767113542
5089014661 4770751951
321437326 1073461645
4185788359 278219808
1488323060 1224500553
4065829986 1550127618
265515017 292460459
1027921858 3887956366
1148158019 473115680
2653207194 5331858591
1414518966 1185175801
4193554940 2338494835
2174054482 47015936
2068082009 1578751754
2774119023 310655102
1283395455 224285440
1607586502 1181188389
1688848753 1798746191
3234238024 2213753214
5316660356 310769468
4589997570 4209719894
2876019281 1607283322
603858312 4948381427
1094416009 5167493720
321575756 4280320820
3158596789 262137522
2216066839 4956887775
280966328 1576112096
568490381 34002200
1188858303 2426538484
154434145 1096242054
1341616405 427740118
1680842147 5178971059
47014801 76813064
1568318020 2554543536
294886663 1877830610
279889808 2598280829
674128558 4608182099
1426349643 308669433
1320385648 4929241550
3092113900 255711671
1290610417 1269551481
672231177 3121879541
312487811 484273863
5012466364 7451598
343277097 437117921
2411230852 332297156
264132837 267840218
290792067 290877279
2681232129 1128431027
61105047 2603833664
305643426 525853799
5265904626 1949937610
1298515950 1256999430
490368480 95260470
1131028597 1122435196
257567428 270138510
2640125399 241419865
1022394329 3300142205
5306064480 3287787886
252111247 2049589669
2737108019 1311098913
281260951 821518188
254446203 4927503275
388401926 4927533102
122113595 370117938
2027524228 1510710533
4929152938 268888233
1693464155 258411038
5088315933 861611796
5272349099 866988012
24953649 2754293003
2678717088 2300233129
311340078 277897413
3463286647 2062275459
2720470911 1591513249
2902531717 32994924
700336671 1015397898
4309203676 1165827695
2670899273 29977519
116040259 4421135090
248448476 2588080818
3476472111 1877830918
2657916050 1080706541
1420267429 251740405
2426385440 2415181520
4658772083 17505489
2570413719 5023331697
3426869714 257428027
4081345295 344727832
261022130 1700459417
4971289144 2055136842
2968705641 303793401
2071614543 1116602237
2370496452 681625
4184495019 3048941386
4960583497 1133815544
1585090345 5087758887
256326378 925335582
3145428502 2375824453
311820239 1094686807
4956887592 382987587
301893156 4512518763
2688113787 8140510
439993950 333178179
3163559816 1822585044
4428919760 1580191213
382955373 2393639453
1312826406 4943710252
2977269175 1829384819
286982630 371884814
2038107653 3076821882
281954214 1410123743
4526818579 455596018
416002119 2382249630
2076021624 2064564811
75618307 4927488349
1760397364 2249899095
252022634 1729429
1832881685 2733764888
5019236309 294174731
3623952634 3506002702
1170902853 1590560121
4007320434 430725829
1298535362 4125266146
1584052259 4416923725
4329605854 1087134976
1531139543 3897688032
1488977365 5233449428
14835448 4602505226
392294351 1164767518
1205837070 1139667121
1643208864 1507731893
5367468583 766680022
1821473756 1099430378
281974114 2502632574
496179434 83745296
4629483390 1125192709
2217956729 33152970
147555 864034905
1436938626 291326368
428037617 265900832
4741017363 1153165396
148632 321356384
12636147 1576155348
4412309275 4788404860
548647394 4016880251
2067102733 339879980
1131568409 3993464703
291885923 5126131528
251516993 286600826
1458501778 413701034
1902641590 490368667
3254033733 523203179
2394118002 413394266
567769747 2426540149
30893157 1096222754
5418577467 276161484
4908443822 27260502
1116131555 26672508
253851189 469756202
1773871655 1570166546
2009567979 284828897
30564255 280973964
1996105771 3704164425
3514120953 380236931
360185778 3793802782
21455870 410832426
1617715729 281398087
27435911 831782118
1183206903 2396112790
1162968842 4297014906
94014507 4338599001
267614052 10215941
3305509938 1967220319
890724335 273865067
2036962177 1390289122
176803247 280707886
292962907 1098629823
2422677354 1270591569
271844664 1242043709
147680 1414791086
3774210710 252965372
1764533028 71682216
111721138 457513229
4195690472 4129780516
608609010 2345462050
289549615 1419615619
2563024283 422703764
490370041 4381294960
660917803 1263350156
764357628 259250031
3303166159 3170557968
1125302769 1616604571
1651316285 263410763
1748290982 517427535
3896672016 2118138507
278621039 4927543283
1697785973 1127670266
830406453 3730737515
1572462730 269011524
4929059206 261729975
1106014541 2306944396
1611740571 4128799070
198877281 2068130010
2884193529 412734310
282052343 1728658025
421869727 443707202
4748645125 20944605
294886228 339508441
125526284 2027947727
5338859774 1842620252
2386890100 3276551675
2850237852 14807338
1122601217 1653078001
1142057780 294740184
1903826105 4785244124
2338495083 1216918831
1151769083 111644234
3753541085 5215886658
410835985 286990812
2427803716 3981534622
31818730 4383038235
1099036434 288002786
516555808 583491653
801787265 5294658752
3391571849 687716341
1207755744 1098744895
265569203 285477992
1756570144 4016695408
439702235 1312374637
2213475515 2970374941
469398144 258395790
1783326186 307659057
2217267264 1296477442
2990544785 2286463442
691859 455878289
1185456898 3372013137
4433242701 582174837
3447303401 3205362240
4394073749 1290808901
1041691484 1113719993
4434857604 2780589567
330343411 343473436
1142129190 292363881
1551797312 4956887583
299133577 3726614895
4777035101 1234122973
559768179 428735113
293884930 464239935
4938969799 3382727394
1429304495 1094842510
3953532902 4700183319
73329098 3228194197
2066198475 383230459
664601172 532350067
299937129 35518453
1438641230 417364165
2387896599 1956309788
283741646 608084086
2333040080 5258030965
1569970598 5214232816
289741959 304127344
2990679585 547035104
334244225 444579478
4785298321 566370989
1518673730 1122188491
95155211 305717901
4777035169 311229853
421493163 1292272528
989194120 3451628008
294741169 309767324
747797262 1438574717
3675427213 280850711
450159571 1787136334
717726453 1351331388
427756142 1069984722
241773358 256213474
888679006 4927635746
303650532 4807810784
290503079 2491307210
5351682519 3394943498
280735845 667467312
2173250056 775772429
1122310968 5234209720
3925008935 32994148
937982660 1688182899
4785282894 4545941773
984427087 1371624643
303648286 1165130147
3210040757 1105544377
1145559639 1462239173
2274331811 372412153
281398136 1955057766
94080357 2465859758
1175083704 268846405
1656322605 3793319243
347637300 280669600
262170425 1814867967
3214330188 1258553056
25321590 276091445
834398206 1390986866
1240322642 2235484297
1877035 1224505247
268689238 2064284592
664211650 1612084167
1986721801 3185403108
4109973346 1270714514
409637134 394914096
5389859747 2071478472
1546456052 5272088673
1574482855 29972591
3760571488 250380095
796293786 1237058773
1569969964 1145510132
79355000 1247215548
3048953777 3739700675
106459664 1108049873
1426349647 1169048900
349156347 1689446249
287820135 369939341
2493676801 2591996474
3280257148 4078854038
1101745546 1750178120
190791542 1261816221
1123859015 3283145593
1106290455 711923276
2118105091 1151684507
2354264667 2562601606
746346084 280439027
4252216317 1217103133
2387130152 308521927
1023478604 1595963732
3892425045 1771797431
301996668 3897647514
1244166371 5191936307
2430545550 4428135909
254214596 2987475573
296851285 4979974033
4621421727 149180514
31386958 308661040
988947282 608659707
430206000 2988361933
34024009 1455463744
582174848 1774941390
3910321293 1126596782
1243947483 596092291
3804102247 4142848854
5104492974 3520389893
281285910 33397593
1152563450 401150688
281286246 420319887
1937256720 2118283336
1997038790 2072599132
1163622970 2808333138
5178336104 305618842
786090320 454287981
1773341587 1265184535
4900223038 300710720
880801612 3722473219
1144142383 3281198930
2883498560 307132180
402664913 1612024969
279387019 3031608675
1612703734 1032963116
3381029699 3692983998
1196047728 4902501162
251720710 3667680006
1480376439 4929197337
1272413465 1346351529
394935721 1587649574
5302273524 2583448434
1914970409 442158609
1477347798 748466612
4704334806 2179726229
1022837716 417816273
2296688673 1569970164
1277098099 251541475
106443402 31233780
2843369793 292677058
4385164490 2349153289
344351884 1572484979
579340128 296015162
3419847044 332491877
303794810 413215471
1195412521 1189996538
1781965646 1175433767
1574030619 1097017660
474432487 30942828
2014271902 262193058
149111047 283752220
2506835610 1884387200
2428211202 1426887175
3123396066 654099413
1362219702 2324852654
1032963063 1654111596
286976250 2411230536
1945677110 117904
3055893183 866975221
3164465105 3069700460
4495300983 717727880
820881588 1299751435
1612869261 817568365
1118438940 1459247578
2426004432 2281342904
2720419835 2329305438
1505244155 21508466
5324692392 3769003239
3913087507 73072433
303650927 252530974
4597116546 1214176598
3507049399 1509188178
295122240 4888961969
1402381590 4208636869
